intrinsic : [1046.255214620752, 0, 618.5269367306528;
 0, 1048.822566416114, 355.0217525605192;
 0, 0, 1]
distCoeffs : [0.1184490739367838, -0.2690599045729779, -0.004327817916247, -0.003342483368792996, -0.2439680809398719]
