intrinsic : [1046.613610310801,                     0,      635.7697209683774;
                             0,     1047.751859281971,      351.5621476863023;
                             0,                     0,                      1]
distCoeffs : [
    0.1136756721367739, 
    -0.4076103637169226, 
    -0.002963269006932564, 
    0.001758204823242296, 
    0.3308834804873784
    ]
