intrinsic : [1048.178589492252,                     0,             632.9577294390149;
                             0,     1049.971907874639,              354.720000042513;
                             0,                     0,                             1]
distCoeffs : [
    0.1299110755577102, 
    -0.5390112920905994, 
    -0.001251251583285752, 
    0.001149030214136285, 
    0.5940865278608923
    ]
