intrinsic : [740.5740473776367, 0, 662.2674027165258;
0, 749.2087071065179, 380.4879020857854;
0, 0, 1]
distCoeffs : [
    -0.4209750756212489,
    0.253410281088423, 
    -0.0007700359872875178, 
    -0.002351881324564742, 
    -0.08686025674727768
    ]
