intrinsic : [705.5022307669585,                     0,      641.8390721829406;
                             0,     710.2960034813129,      350.0464768799869;
                             0,                     0,                      1]
distCoeffs : [
    -0.03228180561313616,
    -0.05568484247548912, 
    -0.001038291878624572, 
    0.004974840729313885, 
    0.03304886926602815
    ]
